009,017,018,019,020,021,024,058,123,167,192,289,338,343,387,394,395,397,398,399,402,411,428,469,475,484,499,504,527,547,548,635
009,024,056,058,105,123,167,192,197,278,289,338,344,387,393,394,395,397,398,399,402
004,009,016,029,100,123,167,192,289,339,344,387,397,402,411,428,469,484,504,547,548,558,635
024,058,167,339,350,393,394,395,398,399,402,469,475,484,485,488,499,504,516,527,541,547,548,558,563,635,644
005,008,009,024,028,029,030,045,047,048,075,096,097,098,100,107,108,113,114,116,129,132,134,135,139,140,143,144,145,146,147,148,152,153,154,155,156,158,160,161,167,173,175,176,177,178,180,183,184,187,188,189,190,191,195,196,197,199,203,205,206,208,209,211,215,218,222,224,226,227,228,232,237,238,239,240,241,243,244,247,253,257,258,263,264,265,266,267,270,271,277,282,283,289,292,298,300,339,345,359,361,367,393,398,417,421,429,430,431,432,435,444,445,446,450,451,452,455,457,461,463,474,476,477,478,479,481,484,489,490,503,505,510,516,524,534,536,537,538,539,544,548,549,550,556,558,569,573,583,585,586,590,591,592,599,602,604,605,606,610,615,634,640,646,647
004,009,024,028,029,030,040,045,047,048,059,061,065,096,097,098,100,108,113,114,116,118,132,133,135,138,139,140,141,142,143,144,146,152,153,154,155,167,169,172,173,175,177,178,180,181,188,189,190,191,196,197,199,203,205,206,211,215,218,224,226,227,228,231,237,239,241,243,244,247,250,252,253,257,258,260,263,264,265,266,269,270,276,277,279,282,283,288,289,292,295,296,298,300,339,345,359,361,367,387,393,394,395,397,398,399,402,410,411,417,422,429,430,431,432,435,444,445,446,450,451,452,455,457,461,463,474,476,477,478,479,481,484,489,503,505,516,524,530,534,537,538,539,548,549,550,556,558,568,569,573,580,583,585,588,590,591,592,599,602,605,606,610,612,615,634,640,646,647
003,005,008,009,016,023,026,027,034,038,040,058,075,076,077,091,101,105,123,130,133,137,157,158,167,176,180,192,197,202,210,237,238,273,274,289,291,330,331,332,333,334,335,336,341,346,348,349,377,379,387,397,402,410,411,417,422,428,436,444,469,484,485,488,489,504,510,511,516,541,547,548,558,563,567,579,588,589,620,635,644,670
017,018,019,020,021,035,037,038,057,067,069,217,320,337,342,347,356,358,360,369,370,371,372,373,385,386,390,391,401,407,426,427,442,453,467,471,500,509,564,613,645,657,661,669,672,686,687,688,689,703,704,705,706,707,708,709,710,711,713,714,715,716,717,718
008,050,059,075,080,098,101,102,104,105,107,122,130,134,135,137,145,152,154,157,158,159,174,176,179,182,183,185,191,195,198,200,202,207,209,210,211,212,214,218,222,224,227,229,232,237,238,242,245,254,261,268,285,292,326,331,420,452,476,486,492,501,506,510,524,536,537,540,544,549,556,562,568,570,573,579,589,591,598,602,609,611,628
003,008,010,023,025,028,030,034,040,050,053,056,059,060,061,064,065,072,075,076,080,103,109,110,112,115,116,118,119,120,121,123,132,138,140,141,146,153,157,158,162,164,165,169,171,172,180,181,196,201,209,219,220,221,225,231,233,234,235,236,238,241,246,248,250,251,252,256,257,258,259,262,263,269,272,273,274,276,278,280,284,288,290,291,293,294,296,299,305,306,330,354,361,363,367,381,397,406,414,430,431,435,445,450,455,457,474,476,477,478,479,480,485,488,489,496,499,501,502,504,506,510,514,534,543,546,547,550,552,553,558,560,561,562,563,566,567,570,574,576,579,580,584,588,589,599,600,601,603,608,609,615,616,620,629,640,642,643,646,647
002,006,007,013,026,027,031,032,036,041,043,044,046,049,051,054,055,060,062,063,064,066,070,071,077,081,095,115,117,121,125,136,149,151,163,166,168,170,186,193,194,207,216,230,233,234,241,249,255,272,275,281,287,297,300,316,317,318,321,332,336,340,349,351,352,353,363,377,379,381,384,386,412,415,416,418,430,433,440,447,454,456,459,462,466,470,474,497,502,507,511,512,515,523,532,535,538,551,552,578,581,583,587,595,596,597,607,608,623,625,626,630,631,634,636,647,649,672,683,690
002,006,007,009,013,024,026,027,030,031,032,036,041,043,044,046,049,051,054,055,062,066,070,071,078,081,083,086,091,095,096,097,098,108,117,125,127,128,132,135,136,139,146,149,153,154,163,168,170,197,203,207,215,216,228,230,241,249,275,283,287,297,325,351,352,353,359,368,377,379,384,391,394,404,405,406,410,411,412,414,415,416,417,418,420,421,422,433,440,447,448,460,462,466,470,493,497,498,507,511,512,514,517,523,532,539,544,548,551,556,580,585,587,595,596,597,621,624,625,626,631,636,643,648,658
016,050,051,060,070,071,076,077,104,105,122,130,135,137,140,152,154,174,177,182,185,191,193,196,197,199,202,205,206,207,210,214,227,230,237,242,243,245,247,249,251,258,265,268,270,285,289,292,309,320,334,340,353,361,381,393,398,410,420,422,430,431,432,435,436,440,444,445,446,447,448,450,451,452,474,475,484,485,486,488,492,497,501,503,507,516,524,536,541,543,546,549,550,558,563,566,569,579,583,587,590,598,599,602,605,606,611,615,624,625,626,628,630,634,644,646,647,655
002,014,016,032,034,042,044,078,081,083,086,087,089,091,093,094,104,106,109,111,114,115,124,126,127,128,129,130,131,142,143,144,145,150,170,174,179,183,184,190,192,198,204,208,213,216,220,229,253,259,260,264,268,276,284,311,323,335,336,341,349,351,352,362,363,366,368,377,379,387,395,396,404,405,413,425,428,429,433,448,460,462,468,486,487,491,492,493,495,498,507,508,517,519,523,525,532,540,542,551,557,574,578,584,592,593,596,601,608,612,614,616,621,622,624,628,631,632,633,636,639,641,648,683,689,690
003,004,007,010,013,014,015,023,026,027,029,031,040,042,044,045,046,047,061,062,064,065,068,091,094,113,117,121,122,125,155,159,163,168,186,187,188,189,200,201,202,207,212,219,246,248,252,255,272,282,287,296,298,300,329,337,357,376,381,382,383,384,385,403,404,423,464,466,468,473,481,482,487,491,496,527,528,538,541,552,561,565,577,581,587,595,597,598,603,604,607,629,636,642,668,672,684,690,712,713
004,007,010,031,060,070,071,073,089,094,122,131,140,150,152,168,177,193,196,199,200,205,206,217,223,227,230,243,247,249,251,258,265,270,289,292,296,298,334,341,348,349,353,357,361,383,393,398,430,431,432,435,436,439,440,442,443,444,445,446,447,448,449,450,451,452,474,484,494,497,503,507,519,524,542,543,546,549,550,561,565,583,593,599,602,603,605,606,613,615,617,624,625,626,634,639,646,647,664,672,692
001,003,004,005,007,010,012,014,015,023,026,031,034,042,068,069,073,074,077,084,087,088,089,091,093,094,106,111,122,124,126,131,150,168,200,204,213,286,296,298,320,336,348,355,357,362,366,375,376,377,379,382,383,389,396,400,403,413,423,425,434,439,441,449,458,464,468,473,482,487,491,494,495,508,513,519,525,528,542,554,557,561,565,577,593,603,614,617,622,632,633,637,638,639,641,650,661,669,675
003,005,006,007,010,013,025,041,044,048,053,054,058,060,064,070,076,077,080,083,084,086,087,088,095,102,103,109,112,115,117,119,121,125,136,137,146,148,149,151,162,163,164,166,169,171,173,175,178,181,186,193,194,196,201,204,216,220,222,225,232,233,234,236,240,241,242,245,248,249,254,255,256,259,261,269,271,272,275,277,279,280,281,287,288,291,293,295,297,335,341,346,361,363,367,377,379,381,384,402,406,412,418,430,435,440,445,447,454,455,456,457,459,474,480,490,496,497,498,502,504,514,515,523,535,550,552,560,561,563,574,578,581,583,599,600,603,607,608,611,615,616,620,623,630,634,643,647,649,650
004,009,012,014,015,016,028,029,040,043,051,061,064,068,078,082,100,101,123,133,167,176,192,210,289,291,324,330,331,332,333,334,335,347,387,389,397,402,411,428,469,473,484,504,547,548,558,635,644,651,654
024,058,090,109,111,126,130,134,170,192,198,208,229,260,264,276,312,320,321,330,331,332,333,334,335,393,395,396,399,429,492,540,582,584,592,601,608,616,633,659
051,060,070,071,073,076,077,089,131,140,150,177,193,196,199,205,206,223,230,243,247,249,251,258,270,334,348,353,361,381,400,425,430,431,432,435,436,437,439,440,441,443,445,446,447,448,449,450,458,459,460,461,462,463,474,494,497,503,507,518,519,520,542,543,546,550,565,566,569,583,590,593,599,605,610,615,617,624,625,626,630,634,639,646,647,664,700
002,014,032,034,035,042,044,060,070,071,073,078,081,083,086,087,089,090,091,093,094,106,109,111,115,124,126,127,128,131,140,150,170,193,196,204,213,216,220,223,230,249,251,258,259,276,284,311,315,323,328,334,337,351,352,353,361,362,363,366,368,372,373,377,379,396,404,405,413,425,430,431,433,435,437,439,440,441,442,443,445,447,448,449,450,458,459,460,462,468,474,487,491,493,494,495,497,498,507,508,517,518,519,520,523,525,532,542,543,546,550,551,557,565,574,578,582,583,584,593,596,599,601,608,614,615,616,617,619,621,622,624,625,626,631,632,633,636,639,641,646,647,648,672,710
003,014,023,026,027,029,040,046,047,049,052,053,054,055,061,064,065,068,072,076,091,092,113,116,121,133,141,155,163,180,188,189,201,219,221,246,248,252,255,273,274,282,287,291,330,348,367,375,382,384,403,404,473,477,478,479,480,481,483,487,489,496,511,528,529,533,534,535,567,575,576,587,588,594,597,607,614,620,627,629,637,638,640,642,662,689,690
003,010,014,023,025,026,027,028,030,034,040,046,049,052,053,054,055,057,059,060,061,064,065,067,068,072,076,080,091,092,103,109,110,112,115,118,119,120,121,132,138,140,141,146,153,162,163,164,165,169,171,172,181,196,201,219,220,221,225,231,233,234,235,236,241,246,248,250,251,252,255,256,257,258,259,262,263,269,272,273,274,276,280,284,287,288,290,291,293,294,296,299,304,305,306,308,310,319,330,348,354,361,363,367,375,381,382,384,403,404,406,414,430,435,445,450,453,455,457,473,474,480,483,487,496,502,511,514,528,529,533,535,543,546,550,552,560,561,566,567,570,574,575,576,584,587,588,594,597,599,600,601,603,607,608,614,615,616,620,627,637,638,643,647,672,678,717
004,007,010,013,031,039,045,062,094,117,122,125,168,186,272,294,296,298,300,320,329,332,348,357,383,424,425,458,459,460,461,462,463,464,465,466,468,491,521,522,538,552,555,561,571,577,581,595,603,604,610,636,691
002,006,007,010,013,026,027,031,032,036,037,039,041,043,044,046,047,049,051,054,055,060,062,063,064,066,069,070,071,077,081,094,095,115,117,121,125,136,149,151,163,166,168,170,186,193,194,216,217,230,233,234,241,249,255,272,275,281,287,296,297,315,318,324,327,332,337,348,351,352,353,358,363,371,377,379,381,383,384,386,412,415,416,418,424,425,427,430,433,440,447,454,456,458,459,460,462,464,465,466,467,468,470,474,491,497,502,507,511,512,515,521,522,523,532,535,551,552,555,561,571,577,578,581,583,587,595,596,597,603,607,608,613,623,625,626,630,631,634,636,647,649,669,672,680,706,711,712,713
011,028,030,032,036,059,074,079,080,081,096,097,099,108,132,139,146,153,215,218,228,241,244,257,263,331,348,351,359,366,368,454,455,456,457,470,479,482,485,505,509,515,517,531,539,545,564,568,570,573,596,623,632,656,663,688,690,699
002,003,006,011,022,023,025,026,028,030,032,033,034,035,036,042,044,059,074,077,079,080,081,083,084,085,086,087,088,090,091,092,095,099,103,106,112,115,119,128,132,136,146,149,153,162,164,169,171,181,194,204,213,216,220,233,241,257,259,263,269,281,284,288,322,324,326,331,342,351,363,366,368,372,377,378,379,385,391,401,426,433,453,454,455,456,457,470,471,472,482,493,495,498,500,509,515,517,523,525,526,531,532,545,551,560,564,570,574,578,596,600,619,622,623,631,632,650,672,719
003,012,014,015,026,027,029,033,041,043,064,066,068,078,092,093,100,110,118,120,127,138,151,165,166,172,219,225,226,231,234,235,236,239,246,250,256,262,266,280,287,290,293,294,295,299,320,333,348,352,354,362,376,378,382,389,434,502,547,553,554,559,572,618,621,627,641,649,653,677
003,007,010,012,014,015,023,026,027,031,033,034,037,038,039,041,042,043,052,064,066,068,069,073,074,077,078,082,084,085,087,088,089,090,091,092,093,094,106,110,111,118,120,124,126,127,131,138,150,151,165,166,168,172,204,213,217,219,225,231,234,235,236,239,246,256,262,280,286,287,290,293,294,296,299,301,302,304,333,348,352,354,355,358,362,366,369,374,375,376,377,378,379,382,383,386,389,396,400,403,409,413,419,423,424,425,427,434,437,438,439,441,449,458,464,468,473,482,487,491,494,495,502,508,513,519,520,521,525,528,533,542,545,553,554,555,557,561,565,571,572,577,582,593,603,614,617,618,619,621,622,627,632,633,637,638,639,641,649,650,672,684,690,697,701
028,030,036,051,070,071,074,076,077,089,099,131,132,140,146,150,153,193,196,223,241,249,257,258,263,320,351,361,366,367,368,369,370,371,372,373,374,375,376,381,400,425,426,430,431,435,445,447,449,450,453,454,455,456,457,458,459,460,462,470,474,497,515,517,518,519,520,531,545,550,564,566,583,593,596,599,613,615,623,624,625,630,632,634,639,646,647,652,655,660,685,689,690
001,002,006,007,012,015,022,027,031,033,035,037,038,039,041,043,046,063,066,069,074,077,078,079,082,089,090,091,092,093,099,127,151,166,217,223,337,342,348,352,358,364,369,370,371,372,373,374,376,377,378,379,385,386,389,390,391,392,401,407,426,427,434,442,453,465,467,471,500,509,522,529,531,554,564,571,572,594,613,618,621,627,641,645,649,661,669,672,675,685,688,690,712,713
002,006,007,013,026,027,031,032,036,041,043,044,046,049,051,054,055,062,066,070,071,078,081,083,086,089,091,093,094,095,099,111,117,124,125,127,128,131,136,149,163,168,170,216,230,249,275,286,287,297,325,351,352,353,355,356,362,366,368,370,377,379,384,388,390,391,392,404,405,407,408,409,412,413,415,416,418,419,423,433,438,440,441,447,448,460,462,466,470,493,497,498,507,508,511,512,513,517,523,532,542,545,551,557,564,587,595,596,597,614,621,624,625,626,631,636,645,648,658,669,685,687,690
002,006,007,013,022,035,041,042,044,054,070,077,083,084,085,086,087,088,095,106,117,125,128,136,149,151,163,166,178,186,193,194,204,213,216,249,255,269,275,281,287,288,297,320,335,348,365,372,377,379,384,385,391,401,412,418,433,440,447,454,456,459,471,472,493,495,497,498,500,515,523,525,526,532,535,551,578,607,619,622,623,630,631,650,672,694,707
001,017,018,019,020,021,035,037,038,042,063,069,074,079,082,090,099,106,213,217,223,266,337,348,358,360,366,369,370,371,372,373,374,385,386,390,391,392,401,407,426,427,442,453,465,467,471,495,500,509,522,525,529,531,545,564,571,572,594,613,619,622,627,632,635,638,645,657,672,686,690,698,712,713
001,022,035,037,038,063,069,079,082,084,085,087,088,090,092,099,204,217,223,337,358,369,370,371,372,373,374,378,380,385,386,390,391,392,401,407,426,427,442,453,465,467,471,472,500,509,522,526,529,531,564,571,572,594,613,627,645,650,669,672,686,712,713
001,011,014,015,022,033,037,039,042,052,063,068,069,079,082,085,090,092,094,099,217,320,330,331,332,333,334,335,337,342,347,348,358,376,378,382,383,385,386,388,403,408,409,419,423,424,427,437,438,443,464,465,467,468,472,473,482,483,487,491,518,520,521,522,526,528,531,533,545,555,565,571,572,575,577,582,594,618,619,627,657,661,669,672,686,687,688,689,708,712,713
001,035,037,038,057,063,067,069,079,082,090,099,217,223,358,364,369,370,371,372,373,374,380,385,386,390,391,392,401,407,424,426,427,442,443,453,465,467,471,500,509,518,520,522,529,531,555,564,571,572,594,613,627,645,703,704,705,706,707,708,709,710,711,712,713,714,715,716,717,718
009,017,018,019,020,021,024,058,123,167,192,289,338,343,387,394,395,397,398,399,402,411,428,469,475,484,499,504,527,547,548,635