2500
2000
1000
700
500
1400
1200
600
200
800
2030
1500
1400
1300
1600
400
300
300
300
300
1000
1200
700
200
1000
1000
1500
1200
1000
900
1200
1200
1500
1500
2100
1200
2100
2100
1500
1800
1200
2200
1200
1000
500
1500
600
600
1500
700
1200
2000
1000
1400
1200
400
2500
200
800
800
800
1400
2100
1100
800
1200
3000
1500
2000
1400
1500
2000
1500
2000
600
1200
1200
1150
2000
800
1200
2000
1930
1930
1530
1530
1460
2150
2000
2000
1550
1700
1700
1400
1400
0
0
0
2000
1000
600
400
1300
500
400
1400
600
900
1000
1000
1400
1000
900
700
1100
800
1200
1000
900
900
1700
300
400
1400
1100
1500
1200
1700
700
400
1400
900
800
700
600
1300
500
900
700
1000
1300
1000
900
900
700
1300
900
700
1200
1400
1300
700
1200
500
1000
1200
600
600
800
500
1000
800
1300
1000
700
1500
200
1250
800
2000
1000
1300
1000
200
700
600
1000
800
600
1000
1000
700
800
900
500
1400
800
900
700
800
600
300
1500
1300
500
1200
400
500
800
700
1000
600
800
1400
800
700
500
900
700
500
600
600
2000
400
800
1400
2500
700
1000
1400
1400
600
1800
1100
800
800
700
900
600
1200
1200
800
1100
800
1200
1200
500
600
700
800
1200
600
700
1000
400
1000
800
1000
1200
1200
900
900
1000
750
2000
1000
1200
1100
1300
1100
600
1300
1400
1300
700
700
500
500
900
900
600
900
1500
1600
1000
1000
1300
200
900
1500
1000
1000
700
900
600
1800
1400
1400
300
1000
1000
1000
1100
900
1300
1300
1200
900
900
800
NULL
NULL
NULL
NULL
NULL
NULL
NULL
NULL
NULL
NULL
NULL
NULL
NULL
NULL
NULL
NULL
NULL
NULL
NULL
NULL
NULL
NULL
NULL
NULL
NULL
NULL
NULL
NULL
NULL
NULL
NULL
NULL
NULL
NULL
NULL
NULL
NULL
NULL
NULL
NULL
NULL
NULL
NULL
NULL
NULL
NULL
NULL
NULL
NULL
NULL
1500
1400
1200
900
1800
2100
1800
2300
800
2300
1000
3000
1000
2500
1800
3000
100
1300
3000
2400
2200
2200
2400
3400
1500
1600
1200
1600
1000
3800
1600
1600
1300
1500
2000
2500
300
2000
1500
2500
1900
2300
200
300
200
1650
350
250
250
1500
1950
300
1550
1600
1500
1300
2000
1900
1700
500
350
1400
1700
1200
800
1800
900
1600
1800
500
700
400
1800
1800
1500
2300
2000
400
700
1000
900
700
1200
1500
1000
400
1600
1900
1700
800
1500
1900
1700
500
1000
900
800
1300
2100
900
900
700
2200
1000
1300
1200
1000
1400
1300
1500
800
1300
900
1500
1800
1200
1800
2000
300
1400
1800
1600
1500
1300
250
800
700
800
900
1000
800
1500
1700
350
400
500
1400
500
600
700
1500
700
1400
1700
1500
1200
1700
1300
300
2000
600
1100
900
300
1000
600
1200
1400
2000
500
1300
1300
1600
1000
1400
300
1600
2200
1500
1700
1700
1900
1000
500
1800
1900
250
1800
1800
1000
1700
900
1700
750
1400
600
600
800
700
400
500
1600
800
500
1900
900
300
300
500
1000
800
1000
800
1800
1900
600
1800
400
700
1400
1000
600
400
1800
1300
900
900
850
800
800
1800
1700
700
1200
1900
1000
1600
1200
400
1900
1000
1700
1500
1100
1000
900
1400
1100
600
900
600
900
1800
1800
1400
1200
1200
550
800
1200
1400
500
1200
800
800
700
1300
1100
700
800
500
800
2100
1400
1400
1200
1600
1700
1900
1200
1300
1500
1300
1300
1100
1400
2000
500
1100
1100
1300
1500
1700
1300
300
1200
1800
1500
1300
700
1700
900
1000
450
2200
700
900
1300
1000
1600
NULL
NULL
NULL
NULL
NULL
NULL
NULL
NULL
NULL
NULL
NULL
NULL
NULL
NULL
NULL
NULL
NULL
NULL
NULL
NULL
NULL
NULL
NULL
NULL
NULL
NULL
NULL
NULL
NULL
NULL
NULL
NULL
NULL
NULL
NULL
NULL
NULL
NULL
NULL
NULL
NULL
NULL
NULL
NULL
NULL
NULL
NULL
NULL
NULL
NULL
1850
1850
2500
2500
2350
2400
2250
2450
2000
2500
2350
2000
2000
1800
2350
2150
2550
2150
1850
1800
NULL
2600