89631139
15025844
76184692
88819587
15303296
41392891
87796900
14181608
40575313
87564352
13069066
40453765
72842870
18246479
45231177
71625222
08124921
44519536
70903634
07902349
33396948
70781052
06285791
32274490
69669405
05053103
32452818
68846917
04931562
31339260
67724379
94119974
30113682
66602787
46986414
29491031
66889139
06368038
28279543
55763552
91152256
28546905
54541900
91939608
27324313
53829412
80813021
26202165
53606874
89091579
15480588
52584282
88979991
15367030
41762634
87756343
14141448
40640057
40374923
13429800
49417509
76812113
12206212
49791927
90357090
01184620
48579379
14977074
41462083
77456781
14851496
40240595
76634149
13039848
49127943
76512652
02906250
48305365
75390004
01784619
38289717
74677422
00062121
33066139
69455834
06840573
32344688
68339286
95727991
31122090
68516705
94905343
30090452
67494157
93889755
20277860
66672569
92667214
29155212
55550921
92944626
28933734
55337339
22026707
46457856
54615781
80600490
27094595
53493204
89987208
16972957
52367652
09159938
15150365
41544074
88643173
14037717
41422426
77827521
13215230
40200834
76704943
13193642
49587396
75582395
02971090
48365709
75850803
90963488
37243151
74637266
00032864
37421579
63515678
52800428
36304921
62793020
09197735
35282433
62671448
98075147
34460851
61454890
97843505
24348204
00732302
36121917
63125616
99510761
36904469
62403074
98898173
25882881
53581214
94675535
20060230
53293545
93553943
29948642
56342351
92731455
28725004
55210709
81618817
28003512
54098121
81492226
17881964
53375573
80770678
16768387
53153481
89558090
15042735
42431843
88435542
15820147
41218256
77603950
14708569
40196604
77581312
03985011
49370026
64511793
02863439
49258578
75646173
01641882
38035986
09430387
01929294
37313348
63308047
00756652
36151751
63545455
99030164
36039163
75356564
98818516
75889523
61201220
98795934
24194033
60589682
97973387
38142739
39175982
96851799
15510988
53832650
85639257
15401633
58528964
84916669
11901678
57305373
84794011
10189126
56283725
83678433
19066538
46461247
22855882
54844990
46718686
17733394
08783685
80516007
17511156
43905751
89494469
16899564
42883273
89272878
84285623
41061625
78556320
08944575
41949033
47695416
03732747
40826495
76211194
03606209
39004808
75499502
02483611
38982356
75376965
01761063
37160778
64154377
00549481
37043180
63432835
99426834
36821538
62210247
15150371
25109950
62193699
98582704
18710707
51371017
97360116
15507080
50259460
96643568
23032273
59036972
86421986
22910685
58314394
85309439
11793047
58192742
84686841
10071456
47060154
83464209
10859908
46247516
82742611
19737320
45121025
72520073
18914778
45909477
71407486
07892180
44287299
70681994
07670542
33064647
75559356
02957055
38942059
85705804
61854111
37120512
04614116
40619825
77007920
03492538
39897277
46009906
02370081
39774685
65169794
01557499
38552107
64047146
01435851
37820550
63224564
90219263
36607978
63102017
99597615
15052462
91595718
98374133
25769732
51267887
98252586
77027445
50045299
87430998
23424603
50913601
86318356
22702055
59197169
53129443
12580477
58074572
38199696
11868825
47852924
84257639
76103675
46130346
73134081
19523799
46918794
72302403
18807108
45895206
71280811
12829151
44073668
71068263
07562372
NULL
70345785
06740720
33734439
NULL
05628232
32012841
68401546
NULL
NULL
67284908
94773007
30778711
63162310
99551425
25955164
62340868
98434877
NULL
51228280
97612389
24611934
50005633
97590747
NULL
59383041
26378150
62762898
99261403
25655502
52040216
98049915
24433920
51828629
87322377
24311372
50705071
86100785
13599884
59983499
86088138
12472242
58861941
85255550
11250655
48649353
84133008
10538007
47922711
73911410
10315429
46700124
72299832
09293977
45688586
72076281
08471389
44865098
71950093
07359741
34743446
70138455
07526150
33621868
69015963
06400512
32809211
69893315
95288024
31786629
68171737
94566432
31560081
67959180
93343894
20848593
66836598
93221206
29616941
55014050
92409659
28593363
55998462
81386177
23771716
50176820
86164529
23659124
59053232
85448931
12436646
58831685
85326399
11714098
48109103
84103702
10598400
47986555
73481154
10476868
46864967
72269672
09653271
45042329
12146024
48531733
84926738
11324436
47319141
74703140
10202894
46696593
73081602
09076207
46474915
72869010
08353769
35752363
71746462
08131171
34536276
70924884
07019529
33413638
60802233
06297941
33691040
69780745
95174353
32569498
68963107
95952802
21347810
67841515
94230224
20624263
67629977
93013676
29402771
56907389
92391084
29380133
55784832
81179446
28563545
54652250
81057959
17441953
53830602
80234301
16229315
53713014
89112729
16507828
42591472
84990171
11384280
47879985
74277583
10262698
46657337
73051941
09540040
46534755
72929454
08327462
35712107
71107816
08201910
34690519
70084224
07489323
33878931
60862676
06367785
32751480
69140098
95144193
32539892
68928540
94412545
21817254
07805359
34290067
60694662
07089711
33178416
69572024
96967123
32355828
69750536
95744531
21239280
68638985
94022093
21417692
57405307
93900406
20394040
56789759
93788854
29172562
55567161
82065276
28450915
55444629
81843628
17238333
54622031
80727036
17115745
43500484
89904598
16353197
42348802
89832901
15237615
42625254
78010363
14015067
41403766
77998771
04392470
40387124
76775123
03170832
35565537
72053645
08058240
34442949
61831093
07225792
34320307
60715406
06103114
33508719
69992868
96981563
32485271
68870276
95265975
21263083
68658728
94042337
20541432
57935140
93920745
20315854
56713552
93108297
29692206
55691901
82085619
28470714
55875323
81863068
17358176
54752875
80141480
17535588
43530283
29929832
56413937
82818645
29802344
55291359
81686058
18180762
54579801
81563416
17968114
43352213
80741828
16246527
43230671
79629370
15023985
42418084
78402798
05901497
41396436
78780140
04179849
40173854
77568553
03056267
30451366
76446915
02830619
39239728
65623423
02118022
38116136
64501875
91996584
37390589
64389297
90873992
32268901
69666645
95051344
22046459
68540058
94939166
21323861
57728570
94716515
20101223
56606928
83094937
29089635
56483330
82878489
29267084
55761792
81756897
18144506
54539105
81933259
17928958
43417563
80811661
16206366
43694075
79699070
15083728
42578427
78977532
15361130
41356845
77754944
04149689
40633297
77622396
03027001
39411600
76806714
02304453
39399168
05783166
41182875
78577570
04561679
31066283
77454922
NULL
NULL
NULL
NULL
NULL
NULL
02504891
NULL
NULL
NULL
38277918
64271667
NULL
27054370
NULL
NULL
NULL
NULL
NULL
NULL
NULL
NULL