3000
800
1200
1200
1000
1300
1400
800
500
1500
1750
1800
1200
1800
1800
500
200
200
200
200
1000
2500
1400
300
1300
1700
1200
800
600
1200
1500
1600
2200
600
2500
1500
2600
2300
2000
200
1400
1200
1500
1600
1000
1200
1200
1000
1200
500
1500
1500
1200
1200
1500
500
2600
300
1200
1600
1200
1300
1950
1300
1200
1500
3500
1800
2400
1200
1200
0
1800
1300
800
1100
1300
1700
1800
1500
1600
2400
920
1380
2000
1380
1610
1150
1000
1800
1300
2000
1500
1600
1350
1500
1600
1350
1800
700
700
900
800
600
500
1700
800
700
1200
1100
1600
1200
800
1000
1300
900
1400
1000
1300
1200
700
900
300
1700
1500
1800
1700
1200
800
600
1600
1200
1100
700
600
1400
500
1100
900
1000
700
900
800
700
700
900
600
800
1400
1700
1200
500
900
700
800
300
700
800
500
1000
500
1250
1300
1300
1400
1000
400
1500
1200
800
1200
700
600
900
1000
800
800
1000
700
800
1000
500
600
600
600
1100
700
800
900
1000
600
400
1000
1200
900
1000
500
800
900
600
1200
400
600
1700
900
900
600
600
700
600
700
700
1200
800
1000
1200
3200
900
1050
900
700
800
2100
500
1400
900
600
1000
700
1500
800
600
1300
1600
900
1000
500
800
900
700
1200
600
900
900
800
1100
900
1200
1400
800
1200
1100
800
500
500
1200
800
1000
1000
750
700
800
700
500
800
900
1000
700
1100
1000
900
1300
600
500
1500
1000
300
300
1000
800
1500
800
1100
1200
700
1500
1200
600
400
1100
1300
400
1100
1200
600
700
1400
900
1200
800
NULL
NULL
NULL
NULL
NULL
NULL
NULL
NULL
NULL
NULL
NULL
NULL
NULL
NULL
NULL
NULL
NULL
NULL
NULL
NULL
NULL
NULL
NULL
NULL
NULL
NULL
NULL
NULL
NULL
NULL
NULL
NULL
NULL
NULL
NULL
NULL
NULL
NULL
NULL
NULL
NULL
NULL
NULL
NULL
NULL
NULL
NULL
NULL
NULL
NULL
1300
1400
1500
1200
1500
2300
1600
2500
1100
2800
1200
0
1400
3000
2100
0
2200
1600
1600
2400
2600
2400
2500
3750
1800
1800
1600
2000
1800
4500
800
1800
2000
1100
2300
2000
400
1750
1850
2200
2600
3000
250
250
300
1550
300
300
250
1800
2150
250
1750
1350
1450
1000
2200
1750
1850
400
300
1200
1500
900
1850
850
800
900
1700
700
750
500
1650
1900
1600
2000
2300
300
950
1400
1150
1100
1450
1750
1250
500
1900
1600
1650
1800
1800
2250
2000
450
1300
1050
1800
1600
1250
1200
650
600
2000
1500
1000
1300
1200
1900
1200
1400
1100
1500
800
1800
2100
1550
2300
1200
300
1300
2200
2100
1900
1100
300
600
950
1000
800
1250
850
1900
2000
300
550
650
1800
400
1100
750
1700
500
1550
1550
1750
1000
900
1550
250
2100
450
1300
700
400
800
650
1600
1800
2200
900
1400
1400
1650
1300
1100
600
1300
1450
1600
1900
1900
2000
1800
550
1300
1750
300
1600
2100
950
2100
1900
1900
800
1150
800
750
900
110
900
450
1400
1350
900
1700
1250
350
400
700
1350
2000
1200
1250
1550
1700
800
1400
400
1250
950
1200
750
550
2200
2100
1200
1200
1000
900
1300
2100
2100
1100
1100
1800
1100
1850
1350
750
1100
1450
1800
950
1000
800
650
1300
900
500
800
700
850
1400
2000
1300
1600
1500
600
1550
1050
700
750
1100
750
950
850
1250
1300
600
850
650
1100
2800
1600
850
1100
1700
1900
1650
1000
1650
1600
1200
1650
1600
1300
1900
550
950
1400
1500
1600
1400
1150
350
1600
1500
1800
1850
900
1350
1150
1350
400
1900
1300
1500
1600
1450
1650
NULL
NULL
NULL
NULL
NULL
NULL
NULL
NULL
NULL
NULL
NULL
NULL
NULL
NULL
NULL
NULL
NULL
NULL
NULL
NULL
NULL
NULL
NULL
NULL
NULL
NULL
NULL
NULL
NULL
NULL
NULL
NULL
NULL
NULL
NULL
NULL
NULL
NULL
NULL
NULL
NULL
NULL
NULL
NULL
NULL
NULL
NULL
NULL
NULL
NULL
1950
2000
2750
2050
2850
2350
2650
2900
2450
2550
2200
1800
3500
2250
2000
2550
2450
2350
1900
2000
NULL
2800