999.999
160
70
999.999
30
140
999.999
30
15
80
1.000
290
120
230
320
999.999
999.999
999.999
999.999
999.999
999.999
999.999
60
10
80
999.999
140
999.999
35
60
140
160
1.000
60
999.999
140
999.999
999.999
999.999
55
120
320
140
120
30
140
45
35
140
25
999.999
999.999
70
999.999
140
999.999
999.999
10
55
999.999
55
999.999
999.999
999.999
55
140
999.999
290
999.999
120
140
999.999
290
290
30
80
100
160
500
80
160
999.999
160
290
350
180
200
290
200
500
999.999
999.999
260
200
140
260
200
140
500
40
30
30
999.999
25
20
230
30
35
70
60
200
70
40
40
120
40
120
55
70
60
120
25
15
230
120
290
180
180
30
20
200
60
50
30
25
140
20
55
35
55
55
50
40
35
30
70
999.999
30
120
230
100
25
60
25
45
30
30
30
30
30
30
55
120
80
60
100
15
140
55
160
70
55
35
25
40
30
45
45
30
45
55
25
30
30
25
100
30
40
35
45
25
15
100
100
30
70
20
30
40
30
70
20
30
230
40
35
25
30
30
25
30
30
250
25
45
120
999.999
35
55
80
60
30
550
35
70
40
30
50
30
140
55
30
120
120
999.999
70
20
30
35
30
120
25
35
50
25
60
40
70
120
55
60
999.999
45
25
100
70
55
60
80
45
30
60
60
45
30
35
30
25
55
50
30
70
60
60
100
55
35
10
50
80
100
45
45
999.999
30
290
120
999.999
15
60
80
30
70
60
50
55
120
45
999.999
35
800
800
800
800
800
800
800
800
800
800
800
800
800
800
800
800
800
999.999
800
800
800
800
800
800
999.999
800
800
800
999.999
55
55
55
55
55
55
20.000
999.999
999.999
55
20.000
35.000
999.999
10
55
20.000
35.000
999.999
999.999
999.999
999.999
160
160
140
60
290
NULL
320
1.700
50
NULL
70
200
120
NULL
NULL
200
80
180
999.999
999.999
999.999
999.999
999.999
NULL
290
320
160
400
160
NULL
120
320
290
120
900
999.999
15
1.000
290
999.999
999.999
999.999
10
10
10
260
15
10
10
290
700
15
290
180
180
80
800
400
350
20
15
120
260
60
120
120
40
100
350
25
30
20
320
1.000
230
900
900
999.999
999.999
120
55
45
120
260
70
50
350
350
290
120
290
700
1.000
20
80
50
120
180
290
60
30
30
800
100
80
100
70
290
100
180
50
160
40
290
550
140
700
260
15
140
800
1.000
320
120
10
30
35
45
999.999
70
35
320
1.000
15
20
25
260
20
40
30
260
25
180
260
260
70
120
160
999.999
700
20
120
35
15
45
25
160
260
800
30
140
140
260
80
100
20
180
400
230
400
400
550
160
20
230
400
10
320
550
50
500
160
400
35
100
30
30
40
45
30
999.999
200
60
30
999.999
60
15
15
25
80
160
70
55
999.999
999.999
30
260
20
50
80
70
999.999
20
800
320
60
60
45
40
60
999.999
500
45
80
1.000
60
320
100
25
55
120
350
120
60
45
30
140
55
25
40
30
40
260
500
140
160
140
25
80
70
60
25
999.999
30
40
30
100
120
30
35
25
50
1.900
200
70
80
290
400
350
70
180
230
100
180
140
140
550
999.999
55
100
160
230
230
120
15
160
290
290
230
999.999
200
55
80
20
700
55
120
180
120
260
800
10
999.999
800
10
999.999
50.000
999.999
800
999.999
999.999
999.999
999.999
999.999
10
10
999.999
800
999.999
100
100
999.999
100
100
999.999
50
50
50
50
50
999.999
999.999
999.999
999.999
999.999
999.999
999.999
999.999
999.999
999.999
50
100
100
100
50
999.999
50
50
10
10
NULL
NULL
NULL
NULL
NULL
NULL
999.999
NULL
NULL
NULL
999.999
999.999
NULL
999.999
NULL
NULL
NULL
NULL
NULL
NULL
NULL
NULL