009,017,018,019,020,021,024,058,123,167,192,289,338,343,387,394,395,397,398,399,402,411,428,469,475,484,499,504,527,547,548,635
009,024,056,058,105,123,167,192,197,278,289,338,344,387,393,394,395,397,398,399,402
004,009,016,029,100,123,167,192,289,339,344,387,397,402,411,428,469,484,504,547,548,558,635
024,058,167,339,350,393,394,395,398,399,402,469,475,484,485,488,499,504,516,527,541,547,548,558,563,635,644
005,008,009,024,028,029,030,045,047,048,075,096,097,098,100,107,108,113,114,116,129,132,134,135,139,140,143,144,145,146,147,148,152,153,154,155,156,158,160,161,167,173,175,176,177,178,180,183,184,187,188,189,190,191,195,196,197,199,203,205,206,208,209,211,215,218,222,224,226,227,228,232,237,238,239,240,241,243,244,247,253,257,258,263,264,265,266,267,270,271,277,282,283,289,292,298,300,339,345,359,361,367,393,398,417,421,429,430,431,432,435,444,445,446,450,451,452,455,457,461,463,474,476,477,478,479,481,484,489,490,503,505,510,516,524,534,536,537,538,539,544,548,549,550,556,558,569,573,583,585,586,590,591,592,599,602,604,605,606,610,615,634,640,646,647
004,009,024,028,029,030,040,045,047,048,059,061,065,096,097,098,100,108,113,114,116,118,132,133,135,138,139,140,141,142,143,144,146,152,153,154,155,167,169,172,173,175,177,178,180,181,188,189,190,191,196,197,199,203,205,206,211,215,218,224,226,227,228,231,237,239,241,243,244,247,250,252,253,257,258,260,263,264,265,266,269,270,276,277,279,282,283,288,289,292,295,296,298,300,339,345,359,361,367,387,393,394,395,397,398,399,402,410,411,417,422,429,430,431,432,435,444,445,446,450,451,452,455,457,461,463,474,476,477,478,479,481,484,489,503,505,516,524,530,534,537,538,539,548,549,550,556,558,568,569,573,580,583,585,588,590,591,592,599,602,605,606,610,612,615,634,640,646,647
003,005,008,009,016,023,026,027,034,038,040,058,075,076,077,091,101,105,123,130,133,137,157,158,167,176,180,192,197,202,210,237,238,273,274,289,291,330,331,332,333,334,335,336,341,346,348,349,377,379,387,397,402,410,411,417,422,428,436,444,469,484,485,488,489,504,510,511,516,541,547,548,558,563,567,579,588,589,620,635,644,670
017,018,019,020,021,035,037,038,057,067,069,217,320,337,342,347,356,358,360,369,370,371,372,373,385,386,390,391,401,407,426,427,442,453,467,471,500,509,564,613,645,657,661,669,672,686,687,688,689,703,704,705,706,707,708,709,710,711,713,714,715,716,717,718
008,050,059,075,080,098,101,102,104,105,107,122,130,134,135,137,145,152,154,157,158,159,174,176,179,182,183,185,191,195,198,200,202,207,209,210,211,212,214,218,222,224,227,229,232,237,238,242,245,254,261,268,285,292,326,331,420,452,476,486,492,501,506,510,524,536,537,540,544,549,556,562,568,570,573,579,589,591,598,602,609,611,628
003,008,010,023,025,028,030,034,040,050,053,056,059,060,061,064,065,072,075,076,080,103,109,110,112,115,116,118,119,120,121,123,132,138,140,141,146,153,157,158,162,164,165,169,171,172,180,181,196,201,209,219,220,221,225,231,233,234,235,236,238,241,246,248,250,251,252,256,257,258,259,262,263,269,272,273,274,276,278,280,284,288,290,291,293,294,296,299,305,306,330,354,361,363,367,381,397,406,414,430,431,435,445,450,455,457,474,476,477,478,479,480,485,488,489,496,499,501,502,504,506,510,514,534,543,546,547,550,552,553,558,560,561,562,563,566,567,570,574,576,579,580,584,588,589,599,600,601,603,608,609,615,616,620,629,640,642,643,646,647
002,006,007,013,026,027,031,032,036,041,043,044,046,049,051,054,055,060,062,063,064,066,070,071,077,081,095,115,117,121,125,136,149,151,163,166,168,170,186,193,194,207,216,230,233,234,241,249,255,272,275,281,287,297,300,316,317,318,321,332,336,340,349,351,352,353,363,377,379,381,384,386,412,415,416,418,430,433,440,447,454,456,459,462,466,470,474,497,502,507,511,512,515,523,532,535,538,551,552,578,581,583,587,595,596,597,607,608,623,625,626,630,631,634,636,647,649,672,683,690
002,006,007,009,013,024,026,027,030,031,032,036,041,043,044,046,049,051,054,055,062,066,070,071,078,081,083,086,091,095,096,097,098,108,117,125,127,128,132,135,136,139,146,149,153,154,163,168,170,197,203,207,215,216,228,230,241,249,275,283,287,297,325,351,352,353,359,368,377,379,384,391,394,404,405,406,410,411,412,414,415,416,417,418,420,421,422,433,440,447,448,460,462,466,470,493,497,498,507,511,512,514,517,523,532,539,544,548,551,556,580,585,587,595,596,597,621,624,625,626,631,636,643,648,658
016,050,051,060,070,071,076,077,104,105,122,130,135,137,140,152,154,174,177,182,185,191,193,196,197,199,202,205,206,207,210,214,227,230,237,242,243,245,247,249,251,258,265,268,270,285,289,292,309,320,334,340,353,361,381,393,398,410,420,422,430,431,432,435,436,440,444,445,446,447,448,450,451,452,474,475,484,485,486,488,492,497,501,503,507,516,524,536,541,543,546,549,550,558,563,566,569,579,583,587,590,598,599,602,605,606,611,615,624,625,626,628,630,634,644,646,647,655
002,014,016,032,034,042,044,078,081,083,086,087,089,091,093,094,104,106,109,111,114,115,124,126,127,128,129,130,131,142,143,144,145,150,170,174,179,183,184,190,192,198,204,208,213,216,220,229,253,259,260,264,268,276,284,311,323,335,336,341,349,351,352,362,363,366,368,377,379,387,395,396,404,405,413,425,428,429,433,448,460,462,468,486,487,491,492,493,495,498,507,508,517,519,523,525,532,540,542,551,557,574,578,584,592,593,596,601,608,612,614,616,621,622,624,628,631,632,633,636,639,641,648,683,689,690
003,004,007,010,013,014,015,023,026,027,029,031,040,042,044,045,046,047,061,062,064,065,068,091,094,113,117,121,122,125,155,159,163,168,186,187,188,189,200,201,202,207,212,219,246,248,252,255,272,282,287,296,298,300,329,337,357,376,381,382,383,384,385,403,404,423,464,466,468,473,481,482,487,491,496,527,528,538,541,552,561,565,577,581,587,595,597,598,603,604,607,629,636,642,668,672,684,690,712,713